mysql: [Warning] Using a password on the command line interface can be insecure.
objectId	mjd	fid	magpsf	mjdmin	mjdmax	maggmin	maggmax	magrmin	magrmax	latestrmag	sherlock_classification	ramean	decmean	ncand
ZTF19acsveoi	2458803.7958912	2	18.0685	2458803.7958912	2458803.797419	NULL	NULL	18.0506	18.1463	18.0506	ORPHAN	49.67518906666667	29.4309283	3
ZTF19acsveoi	2458803.7969213	2	18.1463	2458803.7958912	2458803.797419	NULL	NULL	18.0506	18.1463	18.0506	ORPHAN	49.67518906666667	29.4309283	3
ZTF19acsuzjp	2458803.797419	2	19.5271	2458803.7958912	2458803.797419	NULL	NULL	19.5271	19.8549	19.5271	ORPHAN	49.878181633333334	22.866295133333335	3
ZTF19acsveoi	2458803.797419	2	18.0506	2458803.7958912	2458803.797419	NULL	NULL	18.0506	18.1463	18.0506	ORPHAN	49.67518906666667	29.4309283	3
ZTF19acsvvbq	2458803.8250347	2	19.1208	2458803.8236111	2458803.8250347	NULL	NULL	18.9524	19.3332	19.1208	ORPHAN	67.00943763333333	30.340491166666666	3
ZTF19acsvuay	2458803.8250347	2	19.1928	2458803.8236111	2458803.8250347	NULL	NULL	19.1928	19.2347	19.1928	ORPHAN	66.4064357	32.2278672	3
ZTF19acsvuax	2458803.8250347	2	18.7708	2458803.8236111	2458803.8250347	NULL	NULL	18.7247	18.7737	18.7708	ORPHAN	66.42550113333334	32.114196066666665	3
ZTF19acthhji	2458805.6912731	1	18.6461	2458805.6912731	2458805.6926389	18.6461	18.7226	NULL	NULL	NULL	ORPHAN	42.38961363333333	23.741755033333334	3
ZTF19acthhvo	2458805.6912731	1	18.7792	2458805.6912731	2458805.6926389	18.7792	18.9087	NULL	NULL	NULL	ORPHAN	42.218098966666666	22.541327733333333	3
ZTF19acttkxu	2458806.6945023	1	18.3577	2458806.6945023	2458806.6954167	18.2225	18.3636	NULL	NULL	NULL	ORPHAN	33.358427	15.419194266666667	3
ZTF19acttkxu	2458806.6949537	1	18.3636	2458806.6945023	2458806.6954167	18.2225	18.3636	NULL	NULL	NULL	ORPHAN	33.358427	15.419194266666667	3
ZTF19acttkxu	2458806.6954167	1	18.2225	2458806.6945023	2458806.6954167	18.2225	18.3636	NULL	NULL	NULL	ORPHAN	33.358427	15.419194266666667	3
ZTF19actujox	2458806.7443519	2	19.4507	2458806.7439005	2458806.7448148	NULL	NULL	19.4507	19.6027	19.5357	ORPHAN	42.201314466666666	24.5998895	3
ZTF19actujox	2458806.7448148	2	19.5357	2458806.7439005	2458806.7448148	NULL	NULL	19.4507	19.6027	19.5357	ORPHAN	42.201314466666666	24.5998895	3
ZTF19actujmw	2458806.7448148	2	16.5204	2458806.7439005	2458806.7448148	NULL	NULL	16.5204	16.5353	16.5204	ORPHAN	42.62664926666667	29.327318966666667	3
ZTF19actuhbk	2458806.7448148	2	19.8857	2458806.7439005	2458806.7448148	NULL	NULL	19.7294	19.8857	19.8857	ORPHAN	42.4040613	28.448930833333332	3
ZTF19actzntq	2458806.8445602	1	19.0586	2458806.8427199	2458806.8445602	18.9544	19.0586	NULL	NULL	NULL	ORPHAN	49.1479742	29.7136809	3
ZTF19acuahek	2458806.879294	1	16.9239	2458806.8783796	2458806.879294	16.8956	16.9239	NULL	NULL	NULL	ORPHAN	58.95020263333333	32.410903	3
ZTF19acwjxyg	2458819.6429977	2	16.3501	2458819.6429977	2458819.6482755	NULL	NULL	16.1165	16.3501	16.1174	ORPHAN	19.191448233333332	10.4102057	3
ZTF19acwjxyg	2458819.6473727	2	16.1165	2458819.6429977	2458819.6482755	NULL	NULL	16.1165	16.3501	16.1174	ORPHAN	19.191448233333332	10.4102057	3
ZTF19acwjxyg	2458819.6482755	2	16.1174	2458819.6429977	2458819.6482755	NULL	NULL	16.1165	16.3501	16.1174	ORPHAN	19.191448233333332	10.4102057	3
ZTF19acwxgrz	2458827.8039005	2	19.1789	2458820.7381713	2458827.8039005	17.903	18.2957	19.1789	19.1789	19.1789	ORPHAN	110.54880496666665	18.715196066666667	3
ZTF19acxottg	2458827.9345949	2	19.171	2458827.9345949	2458827.9504861	NULL	NULL	19.1116	19.2166	19.2166	ORPHAN	141.18278036666666	20.234794633333333	3
ZTF19acxottg	2458827.9373032	2	19.1116	2458827.9345949	2458827.9504861	NULL	NULL	19.1116	19.2166	19.2166	ORPHAN	141.18278036666666	20.234794633333333	3
ZTF19acxottg	2458827.9504861	2	19.2166	2458827.9345949	2458827.9504861	NULL	NULL	19.1116	19.2166	19.2166	ORPHAN	141.18278036666666	20.234794633333333	3
ZTF19acxotjl	2458828.048287	1	19.3203	2458827.9345949	2458828.048287	19.3203	19.3203	18.7873	18.808	18.7873	ORPHAN	140.66711426666666	20.155299866666667	3
ZTF19aclhohd	2458828.9333333	2	19.1433	2458788.0281366	2458828.9333333	18.3926	18.679	18.2583	19.1433	19.1433	SN	141.25355962499995	1.888567983333333	12
ZTF19acyffyy	2458830.6857176	1	18.8968	2458830.6843056	2458830.6857176	18.6922	18.8968	NULL	NULL	NULL	ORPHAN	43.04279666666667	36.89781613333333	3
ZTF19acynsgw	2458833.6294792	1	20.0008	2458806.717963	2458833.6294792	20.0008	20.1243	19.8607	19.8607	19.8607	ORPHAN	7.3699725	41.14886633333333	3
ZTF19acypcau	2458833.7254167	2	15.7007	2458833.7245139	2458833.7254167	NULL	NULL	15.6865	15.7029	15.7007	ORPHAN	61.23966263333333	8.188970666666666	3
ZTF19aczlbmm	2458836.5959491	2	19.6783	2458836.5959491	2458836.6309722	20.2612	20.2612	19.5579	19.6783	19.5579	ORPHAN	27.274180633333334	25.7002432	3
ZTF19aczlbmm	2458836.596412	2	19.5579	2458836.5959491	2458836.6309722	20.2612	20.2612	19.5579	19.6783	19.5579	ORPHAN	27.274180633333334	25.7002432	3
ZTF19adazfkw	2458838.6438542	1	19.2881	2458838.6429514	2458838.6462153	19.2881	19.306	NULL	NULL	NULL	ORPHAN	26.14614473333333	10.374981866666667	3
ZTF19adbrhxq	2458846.7473611	1	19.6543	2458846.7464468	2458846.7473611	19.6446	19.7269	NULL	NULL	NULL	ORPHAN	110.26580633333333	29.76804316666667	3
ZTF19acyigeq	2458846.9302894	2	20.5766	2458827.9477083	2458846.9302894	NULL	NULL	19.8855	20.7224	20.5766	SN	153.54377835	39.0300804	6
ZTF19adcezis	2458846.9973611	1	20.1903	2458827.9467824	2458846.9973611	20.1903	20.1903	19.8542	19.8956	19.8542	ORPHAN	135.91224396666667	40.7354169	3
ZTF20aaabvfc	2458849.6291088	1	19.6756	2458849.6291088	2458849.6304861	19.5784	19.7423	NULL	NULL	NULL	ORPHAN	48.41816500000001	22.563340933333333	3
ZTF20aaabvfc	2458849.6300347	1	19.5784	2458849.6291088	2458849.6304861	19.5784	19.7423	NULL	NULL	NULL	ORPHAN	48.41816500000001	22.563340933333333	3
ZTF20aaadolb	2458849.6703704	2	19.5343	2458849.6694444	2458849.6713079	NULL	NULL	19.4274	19.5343	19.4274	ORPHAN	49.773202833333336	22.459707866666665	3
ZTF20aaadkxr	2458849.6703704	2	19.0584	2458849.6689931	2458849.6703704	NULL	NULL	18.9337	19.0584	19.0584	ORPHAN	48.418907	22.563366533333333	3
ZTF20aaadolb	2458849.6713079	2	19.4274	2458849.6694444	2458849.6713079	NULL	NULL	19.4274	19.5343	19.4274	ORPHAN	49.773202833333336	22.459707866666665	3
ZTF20aaawweo	2458849.9535648	2	19.728	2458849.9516898	2458849.9535648	NULL	NULL	19.728	20.1019	19.728	ORPHAN	162.86927373333333	22.5188617	3
ZTF20aaaxnod	2458849.9707986	1	19.9841	2458849.9689236	2458849.9707986	19.9841	20.1926	NULL	NULL	NULL	ORPHAN	121.79680333333334	36.90611606666667	3
ZTF20aaaycjw	2458849.9877083	1	19.8602	2458827.9218981	2458851.9444097	19.8602	19.8602	19.6673	19.6698	19.6698	ORPHAN	137.46234613333334	69.83001683333333	3
ZTF19adcfioe	2458849.9914699	1	20.2571	2458846.9298264	2458849.9914699	20.2571	20.2863	20.3034	20.3034	20.3034	ORPHAN	161.59527649999998	40.8889825	3
ZTF20aabarhm	2458850.6178935	2	18.5549	2458850.6174421	2458850.6183565	NULL	NULL	18.5231	18.5549	18.5493	ORPHAN	35.851388066666665	34.915153366666665	3
ZTF20aabarhl	2458850.6183565	2	17.6813	2458850.6174421	2458850.6183565	NULL	NULL	17.6191	17.6813	17.6813	ORPHAN	35.53428676666667	34.33450583333333	3
ZTF20aabawvx	2458850.6247801	2	18.3247	2458830.6778241	2458850.6247801	19.7307	19.9153	18.3247	18.3247	18.3247	ORPHAN	17.5333744	48.2563063	3
ZTF20aacbatd	2458851.9355903	2	19.9817	2458851.9341898	2458851.9355903	NULL	NULL	19.8199	20.0151	19.9817	SN	106.04108396666668	29.868021600000002	3
ZTF20aacxinq	2458852.9373611	2	19.2931	2458852.9351042	2458852.9373611	NULL	NULL	19.2291	19.2931	19.2931	ORPHAN	140.7742433666667	8.133459633333333	3
ZTF20aadcftz	2458853.033287	1	19.907	2458853.033287	2458867.9958912	19.5228	20.2764	19.5503	20.1317	20.0838	ORPHAN	199.28125522142858	70.32896640714286	14
ZTF20aabqvrk	2458854.0283565	1	19.9794	2458851.0493866	2458857.0571875	19.7573	20.0426	NULL	NULL	NULL	ORPHAN	227.72317996666666	49.1403243	3
ZTF20aadcftz	2458854.0302778	1	19.818	2458853.033287	2458867.9958912	19.5228	20.2764	19.5503	20.1317	20.0838	ORPHAN	199.28125522142858	70.32896640714286	14
ZTF20aadyqdh	2458854.0443634	2	20.0417	2458829.0661227	2458854.0443634	NULL	NULL	19.9298	20.1633	20.0417	SN	172.5787413666667	-4.0546549999999995	3
ZTF20aaejpxk	2458855.8106019	2	18.176	2458855.8106019	2458855.812419	NULL	NULL	18.176	18.2008	18.2008	ORPHAN	129.4025945666667	29.842495533333334	3
ZTF20aaejpxk	2458855.811956	2	18.176	2458855.8106019	2458855.812419	NULL	NULL	18.176	18.2008	18.2008	ORPHAN	129.4025945666667	29.842495533333334	3
ZTF20aaejpxk	2458855.812419	2	18.2008	2458855.8106019	2458855.812419	NULL	NULL	18.176	18.2008	18.2008	ORPHAN	129.4025945666667	29.842495533333334	3
ZTF20aadcisq	2458856.0533912	2	20.3224	2458853.0375231	2458856.0533912	20.2787	20.3093	20.3224	20.3423	20.3224	ORPHAN	194.52862919999998	42.735536325000005	4
ZTF20aabqvrk	2458857.0571875	1	20.0426	2458851.0493866	2458857.0571875	19.7573	20.0426	NULL	NULL	NULL	ORPHAN	227.72317996666666	49.1403243	3
ZTF19acxyugk	2458862.9913657	1	19.5323	2458806.0337269	2458862.9913657	19.4402	19.8427	19.3427	19.5057	19.3427	ORPHAN	214.59684565384617	52.181596661538464	13
ZTF20aafmefs	2458863.6273611	1	18.4723	2458863.6273611	2458863.6361806	18.3827	18.5146	NULL	NULL	NULL	ORPHAN	53.058164875	15.274462775	4
ZTF20aafmefs	2458863.6278125	1	18.3827	2458863.6273611	2458863.6361806	18.3827	18.5146	NULL	NULL	NULL	ORPHAN	53.058164875	15.274462775	4
ZTF20aafmevl	2458863.6282639	1	20.3847	2458863.6282639	2458863.6371181	20.2841	20.3847	NULL	NULL	NULL	ORPHAN	50.19654646666667	28.619401266666667	3
ZTF20aafmfdz	2458863.6296296	1	19.2374	2458863.6287153	2458863.6296296	19.0357	19.2374	NULL	NULL	NULL	ORPHAN	58.77491856666666	29.77524956666667	3
ZTF20aafmefs	2458863.6357292	1	18.5146	2458863.6273611	2458863.6361806	18.3827	18.5146	NULL	NULL	NULL	ORPHAN	53.058164875	15.274462775	4
ZTF20aafmefs	2458863.6361806	1	18.4488	2458863.6273611	2458863.6361806	18.3827	18.5146	NULL	NULL	NULL	ORPHAN	53.058164875	15.274462775	4
ZTF20aafmizq	2458863.6366319	1	20.0264	2458846.7589583	2458863.6366319	20.0264	20.0264	19.8375	19.965	19.8375	ORPHAN	61.0659549	12.417934533333332	3
ZTF20aaezviu	2458863.6366319	1	20.0074	2458846.7589583	2458863.6366319	20.0074	20.0074	19.8965	20.073	19.8965	ORPHAN	61.274854299999994	12.323474133333333	3
ZTF20aafmkev	2458863.6366319	1	19.9818	2458863.6366319	2458863.6515741	19.959	19.9946	NULL	NULL	NULL	ORPHAN	57.802170399999994	15.273402650000001	4
ZTF20aafmfyb	2458863.6371181	1	19.1402	2458863.6282639	2458863.6371181	19.1402	19.2854	NULL	NULL	NULL	ORPHAN	57.29068433333333	25.055144733333336	3
ZTF20aafmevl	2458863.6371181	1	20.2841	2458863.6282639	2458863.6371181	20.2841	20.3847	NULL	NULL	NULL	ORPHAN	50.19654646666667	28.619401266666667	3
ZTF20aafmkev	2458863.6375694	1	19.9696	2458863.6366319	2458863.6515741	19.959	19.9946	NULL	NULL	NULL	ORPHAN	57.802170399999994	15.273402650000001	4
ZTF20aafmkev	2458863.6511227	1	19.9946	2458863.6366319	2458863.6515741	19.959	19.9946	NULL	NULL	NULL	ORPHAN	57.802170399999994	15.273402650000001	4
ZTF20aafmkev	2458863.6515741	1	19.959	2458863.6366319	2458863.6515741	19.959	19.9946	NULL	NULL	NULL	ORPHAN	57.802170399999994	15.273402650000001	4
ZTF20aafmktu	2458863.6515741	1	19.4702	2458863.6375694	2458863.6515741	19.4605	19.53	NULL	NULL	NULL	ORPHAN	63.026471566666665	17.5181146	3
ZTF20aafzkqv	2458864.7347685	2	18.3837	2458839.9990625	2458864.7352315	16.6631	16.6631	18.3559	18.3837	18.3559	ORPHAN	129.4306871	32.90516066666667	3
ZTF20aafzkqv	2458864.7352315	2	18.3559	2458839.9990625	2458864.7352315	16.6631	16.6631	18.3559	18.3837	18.3559	ORPHAN	129.4306871	32.90516066666667	3
ZTF19acrbyzj	2458867.8836806	1	19.558	2458797.03125	2458867.8836806	16.8447	19.6679	16.8985	19.0894	19.0894	SN	127.05457086666668	0.02487777777777778	18
ZTF20aaekbdr	2458867.8855787	1	19.5514	2458855.8350926	2458867.8855787	19.4047	19.5571	19.191	19.6392	19.2933	SN	126.9638847	8.095590775000002	8
ZTF19adcejnq	2458867.9015972	1	19.3085	2458846.977419	2458867.9015972	18.7924	19.5206	18.1902	19.6513	19.0778	SN	128.19402363448276	50.39160126551724	29
