mysql: [Warning] Using a password on the command line interface can be insecure.
objectId	ramean	decmean	mjdmin	mjdmax	magrmin	latestrmag	classification	ncand	sep
ZTF19acnpkvb	118.72811667500001	5.250792375	58790.48497689981	58796.532615699805	19.7322	19.7322	SN	4	1.038847989917196
ZTF19acnqocp	102.9250253	15.5607371	58787.523553200066	58790.531354200095	20.2578	20.2578	SN	2	9.950834993184666
ZTF19acnqtlo	121.0925052	33.9735147	58766.50923610013	58790.541504600085	19.8946	19.8946	SN	2	143.39227898621036
ZTF19acjwkbz	348.213482625	16.247475925	58785.22049769992	58791.107800900005	20.1551	20.2334	SN	4	4.443740035890944
ZTF19acnxcxc	342.2281962	40.996047950000005	58785.23900459986	58791.17218750017	19.9771	19.9771	SN	2	NULL
ZTF19acnjdvc	27.938703325	4.992973525	58791.29305560002	58806.249004600104	19.6464	20.044	SN	4	3.114267474363879
ZTF19abpkrwa	37.08036405	15.5880215	58707.4838657002	58791.29541670019	20.6003	20.6003	SN	2	38.041251636612316
ZTF19acocvkm	19.352281966666666	9.6985407	58771.19263890013	58791.34407409979	19.5017	19.5189	SN	3	65.91032917046803
ZTF19acjtplk	249.88182223333334	29.759780733333333	58781.113067099825	58792.11052080011	19.319	19.319	SN	3	19.380716677296775
ZTF19acmwkuf	173.18795579999997	40.135261533333335	58789.515520799905	58792.533703700174	19.8593	19.8593	SN	3	5.905212989446511
ZTF19acmwhup	184.39897975	30.460700825	58789.514594899956	58792.53415510012	19.8827	19.8827	SN	4	11.275782458413646
ZTF19acoysco	166.4896085	54.35419115	58789.510034699924	58806.55317129986	20.0721	20.0721	SN	4	132.92700441171718
ZTF19acoyrsg	170.35976054999998	45.135621224999994	58785.51343750022	58792.53324070014	20.1777	20.1777	SN	4	0.9361523773723888
ZTF19acmwybz	173.27088935	27.485350525	58779.517546299845	58792.53598379996	19.9987	19.9987	SN	4	5.168707473670827
ZTF18ablrkrg	263.283020825	30.1094936	58790.102256900165	58793.14342590002	16.7198	16.7198	SN	4	40.40191069838706
ZTF19acplxay	118.63889925000001	41.09637205	58793.515150499996	58793.52799770003	20.1847	20.1847	SN	2	13.069943513528777
ZTF19acqeaiz	142.74734123333334	-0.16831016666666665	58790.51240740018	58794.548125000205	19.9507	19.9507	SN	3	1.799548619618232
ZTF19acnjftp	42.57728482500001	-25.7635648	58790.29247689992	58804.323923599906	19.1092	19.2935	SN	4	9.103558906938051
ZTF19acrclpj	114.52483054999999	-9.2566635	58793.481099499855	58796.54406249989	19.4123	19.4123	SN	2	NULL
ZTF19acrddfv	318.75749155	-6.3617074250000005	58790.09810189996	58797.12848380022	19.6024	19.6024	SN	4	5.025920280077832
ZTF19acruddp	131.53050066666665	38.10181996666666	58794.54140050011	58805.51185189979	20.4847	20.4847	SN	3	4.097280464417131
ZTF19aagmvbu	130.557592775	-23.07318625	58800.52282410022	58864.31598380022	18.082	18.9523	SN	4	NULL
ZTF19aaqzfuk	139.14449263333333	13.066128800000001	58800.52873839997	58803.43142359983	18.4557	18.4557	SN	3	57.40330629243487
ZTF19acsbveq	166.0448952	-8.561211400000001	58800.52974539995	58804.51870370004	18.3671	18.3671	SN	2	8.945864865829506
ZTF19acpmdzh	173.9415406	-2.7618529749999996	58800.5301967999	58828.566122699995	18.7443	19.4964	SN	4	12.750052357057887
ZTF19acolhnl	187.05365763333336	4.1601756	58800.53069439996	58828.56796299992	18.3261	19.2896	SN	3	4.771130597120829
ZTF19acscajp	207.87882833333333	37.22173646666666	58800.53613429982	58805.53462960012	19.3357	19.3357	SN	3	3.8186140326514093
ZTF19acsfpmi	343.131485925	-19.4640179	58801.17384260008	58804.21040510014	18.2503	18.2503	SN	4	5.141925796662797
ZTF19acspfai	179.67902479999998	25.27125185	58799.488842600025	58802.55494209984	19.6155	19.6155	SN	2	5.646205662061008
ZTF19acslvgy	5.398938975	36.3994709	58803.25447920011	58806.22564810002	19.5318	19.6145	SN	4	27.611763820660226
ZTF18adatknf	69.81471760000001	42.7092522	58803.32267360017	58804.35961809987	17.178	18.835	SN	3	NULL
ZTF19actbatj	326.8396624	48.501150100000004	58785.23756940011	58804.17592590023	19.9034	19.9034	SN	2	5.355135514992183
ZTF19actbbxf	12.978803825	62.275031325	58787.12766199978	58804.184432900045	19.2454	19.6551	SN	4	NULL
ZTF19actbbxm	13.6813649	62.375724633333334	58787.12766199978	58804.184432900045	19.3554	19.7331	SN	3	NULL
ZTF18acvvxzi	164.99166552499997	-11.96578165	58804.51870370004	58853.54391200002	19.1081	19.3013	SN	4	NULL
ZTF19actfrkd	165.18400605	-19.41314235	58804.520960600115	58850.48041669978	19.4402	19.4402	SN	2	5.442857921491594
ZTF19acthewm	353.6696338	70.54216210000001	58788.15103009995	58805.17989580007	19.8693	19.8693	SN	2	51.43220719873507
ZTF19acthgxq	20.5177094	-9.059796200000001	58805.18978009978	58805.23115740018	19.7429	19.7429	SN	2	0.5271813717515215
ZTF19acthhzn	27.35821775	-15.76206835	58805.19025459979	58805.231631900184	19.569	19.569	SN	2	8.072676709598648
ZTF19acthshd	19.125446099999998	0.09448555	58802.18876159983	58805.2105208002	19.88	19.88	SN	2	10.446629574948917
ZTF19acrxiau	191.517026	5.16722975	58805.53689809982	58828.568414399866	19.6697	19.6697	SN	2	7.8759815245754305
ZTF19actstgc	1.12378635	4.9108462500000005	58790.16072920011	58806.177187500056	19.9166	19.9166	SN	2	44.141607597633765
ZTF19acttmmb	19.9209098	32.699074525	58802.23531250004	58806.2323264	20.127	20.3652	SN	4	1.3345750289555498
ZTF19acttsol	359.56366834999994	13.790533775	58791.20776619995	58806.21214119997	20.4966	20.4966	SN	4	NULL
ZTF19actunpg	42.36090696666667	2.2512054	58803.3363541998	58806.34221060015	19.538	19.538	SN	3	10.714194062987747
ZTF19actzifj	40.742733	-22.7079978	58806.33531250013	58861.126875000075	19.5715	19.5715	SN	2	5.043284323054385
ZTF19acuaddj	73.7759514	-5.610023466666667	58805.35788189992	58806.37164349994	19.73	19.73	SN	3	3.6074073174585064
ZTF19acubxpm	99.1442526	19.6336519	58792.4919906999	58806.47883100016	19.9139	19.9139	SN	2	NULL
ZTF19acbmsvv	99.07709373333334	19.290340033333333	58756.463090300094	58806.47883100016	20.0489	20.0489	SN	3	NULL
ZTF19acvvlbm	328.33191945	19.25831175	58792.13679399993	58814.09384260001	20.0546	20.0546	SN	2	33.097892159881184
ZTF19acvyknc	14.7616368	24.9018485	58803.249548600055	58814.23653940018	19.8981	19.8981	SN	2	48.742423704035076
ZTF19acvgduw	2.6241407499999996	14.0279339	58811.17190970015	58819.16868059989	19.5557	19.5557	SN	4	28.068342822025905
ZTF19acwqvjh	8.6907942	63.37107965	58804.22023149999	58819.20796300005	19.3711	19.3711	SN	2	NULL
ZTF19acvfryu	294.6812463333333	36.912063233333335	58812.095393499825	58820.14160879981	18.7935	18.7935	SN	3	3.2829104972273813
ZTF18abzsqjw	75.6188164	39.993955299999996	58827.25946759991	58830.25725689996	18.9509	19.1215	SN	4	NULL
ZTF19acxnhts	108.54333956666666	9.353676233333333	58827.33329859981	58833.36359950015	19.4431	19.5343	SN	3	6.289258675980489
ZTF19acxoldj	134.6668058333333	6.234026533333334	58827.41824069992	58835.46255790023	19.4536	19.4536	SN	3	9.00104584045432
ZTF19acxpxvl	145.38859183333332	20.066894166666668	58827.4373031999	58827.54733800003	19.8292	19.8292	SN	3	3.8251966076988477
ZTF19acxxspb	128.01158705	-10.556750925	58828.41743060015	58833.413958299905	18.0475	18.4328	SN	4	NULL
ZTF19acxyudk	200.86361195	22.1696418	58828.5524420999	58828.56978010014	19.2531	19.2531	SN	2	5.7063610942836265
ZTF19acszsfm	180.73689336666666	-6.7756526	58830.56393520022	58850.4827083	19.4754	19.8971	SN	3	29.36225139402047
ZTF19acykioj	348.10165975	11.8756765	58828.12865740014	58838.095694399904	19.1502	19.2653	SN	4	21.48648193465944
ZTF17aaadzry	25.299275975	53.500388775	58676.43103010021	58831.197731500026	17.6664	17.6664	SN	4	NULL
ZTF19acynrpz	357.6737452666667	24.9104021	58833.08549770014	58837.087858799845	20.3051	20.3051	SN	3	66.60259622202099
ZTF19acynugh	13.413286633333334	62.48264416666666	58812.24696760019	58833.13644680008	20.1807	20.1807	SN	3	NULL
ZTF19acynufw	12.971156366666667	62.275501899999995	58803.26218750002	58833.13644680008	19.6226	19.6226	SN	3	NULL
ZTF19acynttc	19.219639266666668	33.67913226666667	58830.23525460018	58833.1402083002	20.1159	20.1159	SN	3	NULL
ZTF19aclepze	95.58837526666666	48.33118646666666	58787.42417819984	58833.202048600186	19.7456	19.7456	SN	3	NULL
ZTF19aczmoig	32.66102333333333	-3.3293693333333336	58820.18930559978	58836.12821759982	20.426	20.426	SN	3	23.24810408536074
ZTF19acysyxy	124.7542202	39.2310434	58833.39723380003	58836.49866899988	19.7826	19.8598	SN	3	10.03452927803173
ZTF19adakpgc	0.26293282500000004	-27.034435424999998	58837.084120399784	58854.106608800124	18.3808	18.7345	SN	4	NULL
ZTF19adalolv	37.9871368	-6.5944303333333325	58833.174594900105	58837.12814809987	20.1168	20.1168	SN	3	1.2836354383666835
ZTF18acrveuj	116.61189676666667	-1.6197730000000001	58835.41957180016	58838.46060189977	15.296	15.296	SN	3	12.80060881787207
ZTF19adbmgiv	353.4559434333333	29.654464066666666	58846.10209489986	58849.12216439983	20.085	20.085	SN	3	8.725039451703093
ZTF19adbmlfd	12.635396966666667	1.6479073	58831.14613430016	58846.108425899874	19.6402	19.6402	SN	3	1.032491899052901
ZTF19adceuoo	139.14069796666664	51.642772233333325	58846.44790509995	58849.485324100126	20.7088	20.7088	SN	3	17.63662959975137
ZTF19adcfdoj	144.413621975	18.3141636	58827.54733800003	58846.50232640002	20.6923	20.6923	SN	4	0.5148571189655088
ZTF19adcfswi	196.02730113333334	18.518019733333336	58846.54753470002	58850.53972220002	20.5185	20.5185	SN	3	41.96973435030115
ZTF19aalalbi	206.853877775	38.79645775	58846.55351850018	58852.56745370012	20.7345	20.7345	SN	4	2.256050061654351
ZTF19adcgdwa	195.488793125	11.308599775	58846.54663190013	58850.54017359996	20.1125	20.4178	SN	4	3.441884956750853
ZTF20aaaaxdw	34.302556366666664	29.3693396	58846.12768519996	58849.126794000156	19.9465	19.9465	SN	3	80.03824417355928
ZTF20aaawsoa	174.81470093333334	46.82485823333334	58836.57412040001	58849.4494097	20.5873	20.5873	SN	3	37.85937658906503
ZTF20aaawygr	161.26830500000003	10.561605066666665	58849.45451389998	58852.481944399886	20.2167	20.2167	SN	3	31.947682482479426
ZTF20aaaxeih	137.4277846	4.039243775	58849.42659719987	58852.479606499895	20.4218	20.4512	SN	4	14.206445343535623
ZTF20aaaxkrh	131.44276216666665	16.272015266666667	58849.465706000105	58852.47688659979	20.1528	20.1528	SN	3	13.581262925863662
ZTF20aaayein	162.4939257	41.29388613333333	58846.42982639978	58849.491469900124	20.1964	20.1964	SN	3	7.843584490678035
ZTF18aavneoq	188.47104533333334	21.5190107	58849.50318290014	58855.54229169991	20.0875	20.4049	SN	3	2.8368634847475813
ZTF19adcfokb	167.546057	55.1249253	58846.46945599979	58849.51379630016	20.6341	20.6341	SN	3	34.90595795716134
ZTF20aabcoji	69.17007973333334	10.613463333333334	58850.18129630014	58861.1696295999	19.6868	19.8213	SN	3	7.885245475090535
ZTF20aabpytw	173.858846325	-0.959123275	58850.48177079996	58853.54436339997	19.813	19.8671	SN	4	1.1251134494104815
ZTF20aabqkla	191.401518775	1.183622875	58850.52064809995	58856.543182900175	18.7768	18.7768	SN	4	31.518935784302048
ZTF20aabqkou	194.004006375	-0.054392775000000004	58850.52109949989	58856.54273150023	19.67	19.67	SN	4	134.94984904695508
ZTF20aabqnoo	153.84830216666666	-8.300705266666666	58850.52576390002	58853.48665509978	19.5717	19.5717	SN	3	NULL
ZTF20aabqwzn	260.09580152499996	67.57173590000001	58850.55378470011	58866.53490740014	19.5814	19.9825	SN	4	49.37477569372185
ZTF20aacbyqo	174.04886190000002	20.3211649	58851.478136599995	58855.52125000022	20.1886	20.5678	SN	4	NULL
ZTF20aacdfep	251.218751925	42.98224545	58851.55061340006	58861.50943290023	18.7611	18.7611	SN	4	9.990453822430107
ZTF20aacfolb	358.49756160000004	6.755802875	58852.15216440009	58863.121307900175	18.9219	18.9219	SN	4	8.477978521280699
ZTF20aacftxh	45.19395385	41.307748974999996	58849.13920139987	58862.13368060021	20.4062	20.4062	SN	4	34.31407040972379
ZTF20aacxjcp	142.8710596	-1.3169809666666668	58837.438807900064	58852.43600689992	20.1172	20.3119	SN	3	5.6955278069292445
ZTF20aaczyon	126.349688825	12.493879125	58846.408472199924	58852.4773380002	20.3986	20.3986	SN	4	35.22063681997599
ZTF20aaczycw	129.633239	1.8247346333333334	58849.46435189992	58852.47824069997	20.4844	20.4844	SN	3	1.2092458096604648
ZTF20aadajqk	158.87652390000002	20.3287675	58827.54503470007	58852.48149310006	20.8595	20.8595	SN	3	0.941699369274532
ZTF20aadasem	131.29417735	43.4904643	58846.49736109981	58852.48697920004	20.4903	20.4903	SN	4	NULL
ZTF20aadcaop	213.0370097	-4.120382833333333	58852.52260420006	58855.57866899995	17.9263	17.9263	SN	3	3.008681838361325
ZTF20aadccda	234.60695299999998	13.505060875	58852.52532410016	58861.5440508998	17.9649	18.5668	SN	4	1.2690453205353822
ZTF18acegaby	114.58240253333334	38.9113198	58759.47108800011	58853.42851850018	20.6435	20.6435	SN	3	NULL
ZTF20aadxrsu	180.60391543333333	6.271683933333333	58853.50239579985	58856.53937500017	19.9912	19.9912	SN	3	12.573868147941072
ZTF20aadxuil	193.33100220000003	-10.507820666666666	58850.502743099816	58853.50333329989	20.1997	20.1997	SN	3	NULL
ZTF20aadxulf	190.39359095	8.031152475	58853.5046759001	58859.480798599776	19.2534	19.2534	SN	4	7.59593877082186
ZTF20aadxxfo	194.21464192500002	23.7052174	58850.51881940011	58853.506562499795	20.5431	20.5431	SN	4	NULL
ZTF20aadynlp	203.18174639999998	1.7503133666666668	58850.50410880009	58853.54192129988	20.2274	20.2274	SN	3	7.773749570099419
ZTF20aadyzsr	231.4264656	32.213205666666674	58853.55539349979	58856.54906249978	20.5168	20.5168	SN	3	6.944801800069697
ZTF20aadzwqa	340.55760642499996	10.41405505	58854.109768500086	58863.11049770005	18.364	18.364	SN	4	NULL
ZTF20aadzwnu	338.350123125	11.512241500000002	58854.109768500086	58863.11049770005	16.2682	16.2682	SN	4	3.2316721514881364
ZTF20aadzwll	338.5454168	13.922554524999999	58854.109768500086	58863.11049770005	18.8027	18.8326	SN	4	3.697451742166709
ZTF20aaemvtg	177.74167883333334	43.2356939	58852.44375000009	58855.511388900224	20.4428	20.4428	SN	3	14.016762958464136
ZTF19acyjcgf	202.54535987499997	40.075608525	58828.55815970013	58855.54743060004	20.4693	20.4693	SN	4	19.569129598573447
ZTF20aaerqbx	237.359639925	40.831988949999996	58856.54951390019	58864.51712960005	19.7044	20.1934	SN	4	1.9534014617847306
ZTF20aaertpj	216.96680619999998	33.5693645	58856.55809029983	58863.453854199965	19.5478	19.5478	SN	3	2.3618193909855516
ZTF20aaesnii	352.922306625	21.355925024999998	58846.099768499844	58862.123969899956	19.727	19.7498	SN	4	3.778041926711863
ZTF20aaezmvb	44.9988476	-14.024027233333333	58861.105254599825	58864.106377299875	19.9746	19.9746	SN	3	NULL
ZTF20aafdfiw	22.28469893333333	31.912455533333333	58862.112395800184	58864.143055600114	20.4385	20.4385	SN	3	48.606214383717194
ZTF20aafdimg	11.223802150000001	41.600090275	58849.15112269996	58864.1089583002	20.2908	20.2908	SN	4	NULL
ZTF19acllmub	33.4036241	55.7087977	58790.277685199864	58862.13597219996	20.0314	20.0314	SN	3	NULL
ZTF20aafduzl	51.83923936666667	-12.946019100000001	58837.21541670011	58862.14373840019	20.2198	20.2198	SN	3	NULL
